"","MarkerX","MarkerZ","SecondX","SecondZ","UserX","UserZ","ErrorX","ErrorY","ErrorMag","MarkerTime","TrialTime","Landmark","AngleError","Interface"
"1",-1.5,0,1.4,-0.5,-1.7,-0.5,-0.2,-0.5,0.53851648071345,6.74409,24.21075,"L",9.78240703180728,0
"2",0,-2.1,-1.1,0.1,-0.3,-2.5,-0.3,-0.4,0.5,4.14474000000001,17.82252,"L",9.46232220802561,0
"3",1.5,0,0.8,1.1,1.7,0.1,0.2,0.1,0.223606797749979,4.06129,24.12796,"L",9.51602020496815,0
"4",-1.5,0,-1.1,1.1,-1.9,-0.4,-0.4,-0.4,0.565685424949238,3.3939,13.9495,"L",8.08938041395293,0
"5",0,2.1,0.6,-0.8,-0.2,1.8,-0.2,-0.3,0.360555127546399,4.7586,14.5141,"L",5.41335979361307,0
"6",-1.2,1.8,-0.8,-0.3,-1,1.4,0.2,-0.4,0.447213595499958,1.98409999999998,10.3619,"L",4.07446105980565,0
"7",1.2,-1.8,-0.8,-1.7,1.3,-1.6,0.1,0.2,0.223606797749979,2.5727,10.2949,"L",5.58871622001803,0
"8",1.5,0,-1,0.9,2.1,0.3,0.6,0.3,0.670820393249937,2.92169999999999,11.6551,"L",8.84481371112656,0
"9",-1.5,0,-0.4,1.3,-1.9,-0.3,-0.4,-0.3,0.5,1.91419999999999,12.9142,"L",2.91603142473172,0
"10",-1.2,-1.8,0,0.9,-1,-1.7,0.2,0.1,0.223606797749979,2.67740000000001,12.2662,"L",2.92497794915634,0
"11",0,-2.1,1.1,0,0.4,-2.7,0.4,-0.6,0.721110255092798,2.35079999999999,9.87299999999999,"L",13.1115202831985,0
"12",0,2.1,-1.3,1.1,-0.1,2.7,-0.1,0.6,0.608276253029822,2.76550000000003,14.3321,"L",15.5615103253285,0
"13",-1.2,-1.8,1.3,-0.6,-1.2,-1.6,0,0.2,0.2,-0.420749999999998,14.1237,"N",3.83959633795341,0
"14",0,2.1,1.4,1.2,-0.1,2.3,-0.1,0.2,0.223606797749979,-0.666810000000012,8.08875,"N",3.51861146533722,0
"15",1.2,-1.8,1.4,-0.1,1.6,-2.4,0.4,-0.6,0.721110255092798,1.13087,11.74198,"N",11.6795775358672,0
"16",0,-2.1,-1.1,-1.7,0.6,-2.6,0.6,-0.5,0.781024967590665,0.451399999999992,12.5514,"N",7.91416450904775,0
"17",1.5,0,1.1,1.1,1.7,-0.1,0.2,-0.1,0.223606797749979,1.4222,9.3777,"N",6.58194465517797,0
"18",-1.2,1.8,0.4,-0.5,-1.1,1.6,0.0999999999999999,-0.2,0.223606797749979,3.12720000000002,10.8605,"N",0.713188635017527,0
"19",-1.5,0,1.2,0.9,-1.3,0.3,0.2,0.3,0.360555127546399,3.84559999999999,16.8012,"N",4.93921554212615,0
"20",-1.2,-1.8,1.3,-1.1,-1,-1.7,0.2,0.1,0.223606797749979,2.73599999999999,10.6026,"N",1.02137246857676,0
"21",1.2,-1.8,0.9,0.2,1,-2.2,-0.2,-0.4,0.447213595499958,4.07310000000001,12.2619,"N",6.14482157955923,0
"22",-1.5,0,0.2,1.4,-2.2,-0.2,-0.7,-0.2,0.728010988928052,3.82760000000002,12.8165,"N",5.78239232236409,0
"23",0,2.1,1.4,-0.2,0.2,2.2,0.2,0.1,0.223606797749979,2.77359999999999,13.6959,"N",4.76364169072614,0
"24",1.2,1.8,-0.3,-0.4,1.3,2.1,0.1,0.3,0.316227766016838,4.10489999999999,12.0494,"N",1.66763390601606,0
"25",0,2.1,1.1,0.9,-2.8,-1.2,-2.8,-3.3,4.32781700167648,9.27391,20.81836,"L",75.7903086880055,0
"26",1.2,1.8,-0.7,1.9,8.2,1,7,-0.8,7.04556598152341,7.71718,21.22829,"L",2.76153839847996,0
"27",1.5,0,-0.3,1.2,2.8,-3.1,1.3,-3.1,3.36154726279432,5.20281999999999,13.39171,"L",20.5209590148369,0
"28",1.2,-1.8,0.1,-2.3,7.1,-3.5,5.9,-1.7,6.1400325732035,2.625,20.6353,"L",34.1715333318181,0
"29",0,2.1,-0.6,-1.1,1.9,0.9,1.9,-1.2,2.24722050542442,23.4233,38.4455,"L",40.7205364697548,0
"30",1.2,1.8,-1.5,1.1,3.6,5.6,2.4,3.8,4.49444101084885,2.47230000000002,14.1057,"L",26.8892105444625,0
"31",0,-2.1,-1.5,-0.5,1.9,-2.5,1.9,-0.4,1.94164878389476,15.0804,22.9359,"L",16.3820653465347,0
"32",1.2,1.8,-0.4,-0.7,11.4,12.1,10.2,10.3,14.4958614783669,4.6524,13.1524,"L",10.0529418397661,0
"33",1.5,0,-1,1,7.2,5.8,5.7,5.8,8.13203541556479,3.2396,17.7062,"L",52.1446583705914,0
"34",-1.2,-1.8,-0.6,0.5,-1.9,-7.9,-0.7,-6.1,6.1400325732035,3.5729,10.4618,"L",5.82346327864045,0
"35",1.5,0,0.8,1,2.4,-2.8,0.9,-2.8,2.94108823397055,5.9049,18.616,"L",12.1583660206411,0
"36",-1.5,0,1.1,1.1,-7.7,-5,-6.2,-5,7.96492310069595,3.23630000000003,10.8808,"L",11.7968958419312,0
"37",0,-2.1,0.5,0.8,0.5,-12,0.5,-9.9,9.91261822123701,7.58737,17.78737,"N",9.78240703180732,0
"38",-1.5,0,0.2,-1.5,-3.1,3.7,-1.6,3.7,4.03112887414927,10.22449,24.16893,"N",16.176494201078,0
"39",1.5,0,-0.7,-1.1,3.4,1.7,1.9,1.7,2.54950975679639,18.05315,25.95315,"N",7.7651660184254,0
"40",-1.2,1.8,0.1,2.1,-3.4,0.5,-2.2,-1.3,2.55538646783613,5.09980000000002,18.1998,"N",11.5725545286848,0
"41",0,2.1,-0.9,1.3,0.5,2.9,0.5,0.8,0.94339811320566,2.24609999999998,20.6017,"N",7.1805354977201,0
"42",-1.2,1.8,-0.4,-0.6,-1.2,3.1,0,1.3,1.3,7.58529999999999,17.8409,"N",6.23448009554118,0
"43",-1.2,-1.8,0.4,0.5,-2.3,-3.5,-1.1,-1.7,2.02484567313166,5.19879999999998,15.0099,"N",0.805139167130197,0
"44",-1.5,0,-0.4,-1.3,-3.5,1.5,-2,1.5,2.5,2.9562,13.9117,"N",7.67447951689397,0
"45",-1.2,1.8,1,1.5,-2.8,3.4,-1.6,1.6,2.26274169979695,2.66309999999999,11.8964,"N",18.7998851586527,0
"46",0,-2.1,-1,0.4,0.5,-3.2,0.5,-1.1,1.20830459735946,3.49669999999998,11.6633,"N",0.818455461688125,0
"47",0,2.1,-1.1,-0.5,0.5,2.9,0.5,0.8,0.94339811320566,7.11289999999997,16.7574,"N",2.26902320788549,0
"48",0,-2.1,-1.4,-1.2,1.6,-3.9,1.6,-1.8,2.40831891575846,2.88229999999999,12.1823,"N",9.25198622370907,0
"49",-1.5,0,0.9,-1.4,-2.5,0.7,-1,0.7,1.22065556157337,2.88182,14.04849,"L",1.44499250597633,0
"50",-1.2,-1.8,-1.1,0.4,-1,-1.9,0.2,-0.0999999999999999,0.223606797749979,2.51736,8.01736,"L",5.09211512449904,0
"51",0,2.1,-1.1,1.4,0.8,2,0.8,-0.1,0.806225774829855,1.23356,7.94467,"L",14.9456239171256,0
"52",-1.2,-1.8,-1.1,-0.5,-0.8,-2.3,0.4,-0.5,0.640312423743285,1.77226,6.87226,"L",13.8610275630211,0
"53",1.2,1.8,-1.2,0.1,1.4,1.7,0.2,-0.1,0.223606797749979,1.97838999999999,7.0895,"L",3.70371119338433,0
"54",0,-2.1,0.9,0.6,-0.2,-2.1,-0.2,0,0.2,1.79259,7.35926000000001,"L",3.73139699916042,0
"55",1.5,0,-1.3,-0.5,1.6,0.1,0.1,0.1,0.14142135623731,2.1438,6.866,"L",1.56469752004113,0
"56",-1.5,0,0,-1.5,-1.5,0.2,0,0.2,0.2,1.99759999999999,6.642,"L",3.57633437499729,0
"57",-1.2,-1.8,0,0.9,-2,-1.4,-0.8,0.4,0.894427190999916,1.84739999999999,7.503,"L",17.046597926992,0
"58",-1.5,0,-0.4,-1.3,-1.9,0.1,-0.4,0.1,0.412310562561766,1.7834,7.45009999999999,"L",6.7385757016081,0
"59",0,2.1,1.2,-0.1,0.1,2.8,0.1,0.7,0.707106781186547,1.41119999999998,6.90009999999998,"L",7.83820498391946,0
"60",1.2,1.8,1.4,0.2,0.6,2.9,-0.6,1.1,1.25299640861417,1.78799999999998,7.28799999999998,"L",9.37934503285323,0
"61",0,-2.1,1.1,-1.5,0,-3.4,0,-1.3,1.3,1.66674,8.40008,"N",31.3209575121723,0
"62",1.2,1.8,-1.5,0.6,2.2,3.3,1,1.5,1.80277563773199,1.97232,7.19454,"N",12.1568518749015,0
"63",-1.2,-1.8,1.4,-0.1,-1.5,-3.1,-0.3,-1.3,1.33416640641263,1.97873,7.52317,"N",12.7925102716864,0
"64",-1.2,1.8,0,1.9,-2.6,1.6,-1.4,-0.2,1.4142135623731,1.5992,6.84364,"N",1.81830296445223,0
"65",-1.5,0,1.4,0.5,-1.8,-0.4,-0.3,-0.4,0.5,0.204720000000009,6.09361000000001,"N",5.92623079720863,0
"66",0,-2.1,1.4,-0.5,-0.6,-2.8,-0.6,-0.7,0.921954445729289,1.59487,7.43930999999999,"N",0.176838264141351,0
"67",-1.2,1.8,-1.2,0,-1.5,2.3,-0.3,0.5,0.58309518948453,2.3189,9.55226,"N",7.43140797117253,0
"68",1.2,1.8,0.4,-0.7,1.6,2.3,0.4,0.5,0.640312423743285,0.725999999999999,6.88149999999999,"N",4.05673786129479,0
"69",0,2.1,1.2,0.3,-0.3,3.4,-0.3,1.3,1.33416640641263,1.41540000000001,7.7154,"N",7.86907555179048,0
"70",-1.2,-1.8,0,0.7,-1.3,-3.1,-0.1,-1.3,1.30384048104053,1.54049999999998,6.94049999999999,"N",6.75491845459592,0
"71",1.5,0,-0.5,1.1,1.9,-0.4,0.4,-0.4,0.565685424949238,1.22300000000001,7.03410000000002,"N",3.19458946511043,0
"72",1.2,-1.8,-0.5,-1.9,1.8,-1.8,0.6,0,0.6,1.33679999999998,7.27009999999999,"N",0.87690774143046,0
"73",0,2.1,-0.5,-0.8,0.6,4.6,0.6,2.5,2.57099202643649,5.30114,11.37891,"L",1.73142415267975,0
"74",-1.5,0,0.3,-1.4,-1.8,0.7,-0.3,0.7,0.761577310586391,5.15936,14.25936,"L",7.12501634890181,0
"75",0,-2.1,1.3,-1.1,0.2,-2,0.2,0.1,0.223606797749979,4.87949,13.22394,"L",1.72081483367269,0
"76",-1.5,0,-0.7,0.9,-0.8,-0.1,0.7,-0.1,0.707106781186547,4.46427,10.90871,"L",35.9229461990706,0
"77",1.2,1.8,0,1.9,2.1,1.8,0.9,0,0.9,3.97502,10.49725,"L",2.0373306968202,0
"78",-1.2,-1.8,-1.2,0,-1.4,-2.2,-0.2,-0.4,0.447213595499958,4.0733,10.4511,"L",5.19442890773474,0
"79",1.5,0,-0.9,-1.4,2.1,-0.4,0.6,-0.4,0.721110255092798,3.7886,10.9886,"L",11.8214883406073,0
"80",-1.5,0,1.3,0.5,-1,0.1,0.5,0.1,0.509901951359279,3.9751,14.0195,"L",0.258864712311779,0
"81",0,-2.1,-1.5,-0.3,0.1,-2.9,0.1,-0.8,0.806225774829855,4.4734,10.6734,"L",8.19806884601627,0
"82",-1.2,1.8,0.1,-1,-1.9,1.7,-0.7,-0.1,0.707106781186547,4.68170000000001,12.3484,"L",11.62408655889,0
"83",1.5,0,-0.7,1.3,1.3,0.2,-0.2,0.2,0.282842712474619,3.47670000000002,8.03230000000002,"L",1.7684331295158,0
"84",1.2,1.8,-0.1,-0.7,1.7,3,0.5,1.2,1.3,5.0215,11.0771,"L",1.53213613640569,0
"85",0,2.1,1.1,-0.8,0,2.5,0,0.4,0.4,7.03118,13.54229,"N",2.33730585912382,0
"86",1.2,-1.8,1.2,-0.2,2.5,-2.6,1.3,-0.8,1.52643375224737,2.5079,8.25235,"N",28.4429286243634,0
"87",0,-2.1,0.5,0.8,0.4,-2.8,0.4,-0.7,0.806225774829855,2.94378,8.46601,"N",8.19126676061271,0
"88",1.2,-1.8,-0.1,-1.9,1.4,-2.4,0.2,-0.6,0.632455532033676,2.48269000000001,9.90491,"N",22.8336541779175,0
"89",0,-2.1,1.4,0.1,0.1,-2.1,0.1,0,0.1,3.90643,12.65087,"N",1.89196541835946,0
"90",0,2.1,1.5,0.6,-0.2,2.7,-0.2,0.6,0.632455532033676,1.77038999999999,9.62594,"N",6.00900595749442,0
"91",-1.5,0,1.6,0.6,-2.2,-1.2,-0.7,-1.2,1.38924439894498,4.92259999999999,13.2448,"N",14.3921132985483,0
"92",0,2.1,-1.4,0.5,-0.2,2.9,-0.2,0.8,0.824621125123532,3.96000000000001,9.94889999999999,"N",14.6208739886317,0
"93",-1.2,1.8,0.1,-0.8,-1.7,2.6,-0.5,0.8,0.94339811320566,4.7157,10.8157,"N",1.33221985386936,0
"94",-1.2,-1.8,0,-1.9,-1.4,-1.9,-0.2,-0.0999999999999999,0.223606797749979,3.57169999999999,10.4162,"N",4.76364169072614,0
"95",0,2.1,1.4,1.2,-0.3,2.9,-0.3,0.8,0.854400374531753,1.11089999999999,8.08869999999999,"N",12.2647737278924,0
"96",1.2,-1.8,-1.4,-1.2,1.1,-2.6,-0.0999999999999999,-0.8,0.806225774829855,4.42229999999998,12.3889,"N",16.2542095446305,0
"97",0,2.1,-1.4,1.2,0,2.1,0,0,0,8.89375,16.42708,"L",0,0
"98",-1.5,0,1,1,-1.6,0.2,-0.1,0.2,0.223606797749979,2.90736,8.9407,"L",4.69868051729935,0
"99",1.2,1.8,1.2,0,1.2,2.1,0,0.3,0.3,1.39241,8.34796,"L",0,0
"100",0,-2.1,-1,-1.4,0.1,-2,0.1,0.1,0.14142135623731,2.24409,11.02187,"L",6.38156053259339,0
"101",-1.2,-1.8,-0.5,0.5,-1.5,-1.8,-0.3,0,0.3,2.79593,11.71815,"L",6.57105261180496,0
"102",0,2.1,-1.3,-0.1,0.2,3,0.2,0.9,0.921954445729289,2.42620000000001,10.3151,"L",4.75823489829969,0
"103",1.2,-1.8,-1.1,-0.2,1.8,-2,0.6,-0.2,0.632455532033676,2.8946,7.8168,"L",2.99704258028365,0
"104",-1.5,0,0.2,1.5,-1.2,-0.1,0.3,-0.1,0.316227766016838,2.95680000000002,8.52350000000001,"L",7.39040920928775,0
"105",0,-2.1,1.5,-0.3,-0.5,-2.9,-0.5,-0.8,0.94339811320566,3.61520000000002,9.4374,"L",2.23697906343776,0
"106",1.5,0,-1.4,1.1,1,-0.4,-0.5,-0.4,0.640312423743285,3.101,8.30099999999999,"L",11.2331285260377,0
"107",-1.2,1.8,0.5,-0.8,-1,1.2,0.2,-0.6,0.632455532033676,2.59529999999998,9.07309999999998,"L",3.69138598645126,0
"108",1.2,-1.8,1.4,-0.8,2.1,-2.2,0.9,-0.4,0.984885780179611,1.6026,9.4915,"L",37.8749836510982,0
"109",0,-2.1,-1.4,-0.6,0.4,-2.8,0.4,-0.7,0.806225774829855,1.5753,7.00864,"N",3.73565912661768,0
"110",0,2.1,-0.6,-1.1,0.1,1.5,0.1,-0.6,0.608276253029822,2.90841,7.7973,"N",4.44883288333725,0
"111",0,-2.1,0.9,-1.5,0.1,-2.5,0.1,-0.4,0.412310562561766,3.37152,10.1493,"N",17.6501242199301,0
"112",-1.2,1.8,-0.1,2.1,-1.1,2.3,0.0999999999999999,0.5,0.509901951359278,1.47942,8.04609000000001,"N",26.5650511770779,0
"113",0,2.1,-1.1,0.8,-0.6,2.3,-0.6,0.2,0.632455532033676,3.32476,7.79142,"N",21.8014094863518,0
"114",-1.5,0,1.6,0.6,-0.7,0.3,0.8,0.3,0.854400374531753,4.33946999999999,9.21724,"N",3.52265467222587,0
"115",1.2,-1.8,1,0.5,0.9,-1.5,-0.3,0.3,0.424264068711929,1.8462,7.62397,"N",7.83214595422205,0
"116",-1.2,-1.8,1.1,-0.8,-0.6,-2.7,0.6,-0.9,1.0816653826392,2.27130000000001,6.7269,"N",24.6812644439121,0
"117",1.5,0,-0.7,-1.2,1.1,-0.3,-0.4,-0.3,0.5,2.07549999999999,9.07549999999999,"N",2.04540848888723,0
"118",-1.2,-1.8,1.2,-1,-0.6,-2.1,0.6,-0.3,0.670820393249937,1.29689999999999,6.7525,"N",12.9946167919165,0
"119",-1.2,1.8,1.4,0.5,-1.4,1.8,-0.2,0,0.2,2.9196,8.08629999999999,"N",1.66028236898271,0
"120",-1.2,-1.8,-1.2,-0.2,-1.6,-2,-0.4,-0.2,0.447213595499958,1.9795,6.36840000000001,"N",12.5288077091515,0
"121",-1.5,0,-0.2,-1.1,-2.1,0.1,-0.6,0.1,0.608276253029822,1.47645,12.58756,"L",7.96071399469616,0
"122",0,-2.1,0.6,0.8,0.4,-2.3,0.4,-0.2,0.447213595499958,1.58176,9.84843,"L",7.99798318898796,0
"123",1.2,1.8,-0.9,1.6,2,2.2,0.8,0.4,0.894427190999916,0.623169999999995,9.58984,"L",6.24903714443367,0
"124",-1.2,-1.8,-1.4,-0.6,-1.2,-2.7,0,-0.9,0.9,1.59572999999999,9.39572,"L",4.02199017701997,0
"125",-1.2,1.8,-1.5,0.8,-1,2.4,0.2,0.6,0.632455532033676,-1.16250000000001,9.19306,"L",0.654780402267342,0
"126",1.5,0,-0.8,1.3,1.8,0.2,0.3,0.2,0.360555127546399,1.31400000000001,8.4474,"L",6.54378856565603,0
"127",0,2.1,1.1,-0.1,0.2,1.9,0.2,-0.2,0.282842712474619,1.82839999999999,9.02839999999999,"L",2.33730585912398,0
"128",0,-2.1,0.9,0.6,0,-2.3,0,-0.2,0.2,1.35809999999998,7.0137,"L",1.19348942398273,0
"129",0,2.1,1.1,0.8,-0.4,2.4,-0.4,0.3,0.5,1.41480000000001,7.87040000000002,"L",2.91603142473147,0
"130",1.5,0,0,-1.5,1.7,0.3,0.2,0.3,0.360555127546399,2.03290000000001,8.97730000000001,"L",1.63657704161689,0
"131",1.2,-1.8,-1.3,0,1.2,-1.9,0,-0.0999999999999999,0.0999999999999999,1.98249999999999,9.01589999999999,"L",1.48094672713786,0
"132",-1.2,-1.8,-0.1,0.8,-1.5,-1.3,-0.3,0.5,0.58309518948453,1.5215,7.95490000000001,"L",10.75796708839,0
"133",-1.2,-1.8,-1,0.5,-0.4,-2.4,0.8,-0.6,1,3.40888,11.88666,"N",16.6591099035495,0
"134",-1.2,1.8,0.5,-0.6,-2,1.3,-0.8,-0.5,0.94339811320566,1.71102,7.62213,"N",17.4539525787922,0
"135",1.2,1.8,1.4,0.1,1.4,2.5,0.2,0.7,0.728010988928052,1.38954,8.30066,"N",6.70983680775685,0
"136",0,2.1,1,1.3,-0.2,2.7,-0.2,0.6,0.632455532033676,1.09774,10.23108,"N",10.7388971009054,0
"137",-1.5,0,-0.6,-1.4,-2.3,0.2,-0.8,0.2,0.824621125123532,1.03451,6.87895,"N",14.0004783168208,0
"138",1.2,1.8,-0.8,1.7,1.4,2.8,0.2,1,1.01980390271856,1.21109999999999,7.5889,"N",23.7026459509662,0
"139",1.5,0,-0.7,1.4,2.5,-0.1,1,-0.1,1.00498756211209,0.882899999999992,6.87179999999999,"N",7.35635740470399,0
"140",-1.5,0,1.1,-1.1,-2.9,0.1,-1.4,0.1,1.40356688476182,1.67830000000001,7.15610000000001,"N",6.2328562035962,0
"141",1.5,0,-1.6,-0.6,2.1,-0.2,0.6,-0.2,0.632455532033676,1.44820000000001,7.57040000000001,"N",4.78388754836865,0
"142",1.2,1.8,0,-0.9,2.1,1.6,0.9,-0.2,0.921954445729289,2.31279999999998,8.76829999999998,"N",16.0677702973115,0
"143",0,2.1,-0.9,1.5,1,3.1,1,1,1.4142135623731,0.820400000000006,6.876,"N",6.41084002023256,0
"144",-1.5,0,0.6,1.4,-1.7,0.3,-0.2,0.3,0.360555127546399,1.3253,7.89189999999999,"N",8.13010235415596,0
"145",0,-2.1,-0.5,0.5,-3.7,-0.4,-3.7,1.7,4.07185461430047,6.02942,12.91831,"L",85.176889225643,0
"146",-1.2,-1.8,0.8,-1.7,-0.2,0.6,1,2.4,2.6,3.72978000000001,15.66311,"L",69.3638395501597,0
"147",0,-2.1,1.1,-1.4,1.3,-2.4,1.3,-0.3,1.33416640641263,3.52931,16.40708,"L",68.8387401831717,0
"148",-1.2,1.8,-0.1,2.1,-2.6,3.7,-1.4,1.9,2.36008474424119,2.41149999999999,13.90036,"L",47.8743617742506,0
"149",1.5,0,-0.5,-1.1,2.2,-2.3,0.7,-2.3,2.40416305603426,3.7457,16.6346,"L",52.7732827175513,0
"150",1.2,-1.8,-1.2,-1.6,3,-3.5,1.8,-1.7,2.47588368062799,5.41749999999999,14.4286,"L",19.5774482459663,0
"151",-1.2,1.8,1.6,0.5,1.6,7.2,2.8,5.4,6.08276253029822,6.8186,17.0297,"L",65.0952311919048,0
"152",0,2.1,-0.6,-0.8,0.1,0.9,0.1,-1.2,1.20415945787923,3.0581,10.6136,"L",10.6907658765204,0
"153",0,-2.1,-1.3,-1,0.3,-0.7,0.3,1.4,1.43178210632764,2.86770000000001,11.5788,"L",50.856013585429,0
"154",-1.2,-1.8,0.6,-1.8,-0.5,0,0.7,1.8,1.9313207915828,1.559,10.8924,"L",58.5704343851615,0
"155",1.5,0,-1.2,1.1,-0.5,1.9,-2,1.9,2.75862284482674,6.06950000000001,16.0584,"L",70.9804206563728,0
"156",-1.5,0,0.5,-1.1,0.7,-2.1,2.2,-2.1,3.04138126514911,8.96199999999999,15.1287,"L",130.120726216993,0
"157",-1.5,0,-1,-1,-0.4,0,1.1,0,1.1,1.57434,10.741002,"N",57.5288077091515,0
"158",1.2,1.8,-1.5,0,2.2,1.3,1,-0.5,1.1180339887499,3.19351,12.06017,"N",14.3310733502851,0
"159",0,-2.1,0.9,0.6,2.1,-1.2,2.1,0.9,2.28473193175917,3.58616,18.35283,"N",52.1250163489018,0
"160",1.2,-1.8,0,-2.2,2.3,-0.9,1.1,0.9,1.42126704035519,3.54929999999999,14.23819,"N",11.0409401803237,0
"161",-1.5,0,0.3,-1.5,0.2,0.9,1.7,0.9,1.92353840616713,2.11280000000001,17.2017,"N",47.808484877346,0
"162",1.2,1.8,1,-0.1,0.8,2.3,-0.4,0.5,0.640312423743285,1.9057,12.6502,"N",10.7726476482207,0
"163",-1.2,1.8,1.1,1.2,-2,1.5,-0.8,-0.3,0.854400374531753,2.82579999999999,11.7369,"N",9.09333383697549,0
"164",0,-2.1,1.3,-0.1,0.1,-2.2,0.1,-0.1,0.14142135623731,3.2671,15.1449,"N",3.27898625885434,0
"165",-1.5,0,1.3,1,-1.9,0.1,-0.4,0.1,0.412310562561766,3.7978,14.6868,"N",3.94518622903768,0
"166",-1.2,1.8,0.3,1.9,-2.4,1.3,-1.2,-0.5,1.3,2.30980000000002,11.1876,"N",8.7147328748611,0
"167",1.2,-1.8,-1.1,-0.2,1.7,-2.3,0.5,-0.5,0.707106781186547,2.80709999999999,13.7071,"N",2.04540848888705,0
"168",-1.2,-1.8,0.7,-1.9,-0.3,0.5,0.9,2.3,2.46981780704569,2.26729999999998,14.6811,"N",64.3673475477762,0
"169",-1.2,-1.8,0.5,-1.7,-1.4,-2.5,-0.2,-0.7,0.728010988928052,1.84496,7.14496,"L",19.4671935144877,0
"170",-1.5,0,1.2,-1.1,-2.2,0.6,-0.7,0.6,0.921954445729289,2.66976,9.49198,"L",4.39870535499552,0
"171",-1.2,-1.8,-0.4,0.6,-0.7,-3.2,0.5,-1.4,1.48660687473185,3.81185,9.91185,"L",13.9209603649207,0
"172",-1.2,1.8,0.1,2.1,-2.6,1.7,-1.4,-0.1,1.40356688476182,1.85411999999999,8.87633,"L",4.56764777043597,0
"173",-1.5,0,1.4,0.5,-1.9,-0.3,-0.4,-0.3,0.5,2.11052000000001,7.43274000000001,"L",3.84458782808435,0
"174",-1.2,-1.8,0.1,0.7,-2.2,-2.2,-1,-0.4,1.0770329614269,2.50109999999999,8.1455,"L",10.9436237185448,0
"175",0,2.1,-1.5,0.3,0.5,2.8,0.5,0.7,0.860232526704262,2.1203,8.3648,"L",1.1457628381748,0
"176",1.2,1.8,1.6,0.2,1.8,2.5,0.6,0.7,0.921954445729289,1.7646,8.36460000000001,"L",19.0059841960368,0
"177",0,2.1,-1.4,0,1.1,2.7,1.1,0.6,1.25299640861417,2.49090000000001,7.87970000000001,"L",9.10733431225439,0
"178",0,-2.1,-1.4,-0.3,0.4,-3.1,0.4,-1,1.0770329614269,2.1001,8.5557,"L",5.13975737899064,0
"179",1.2,-1.8,-0.6,0.7,1.7,-2.6,0.5,-0.8,0.94339811320566,1.77960000000002,7.36850000000001,"L",0.878558909833956,0
"180",0,-2.1,0.9,-1.3,-0.2,-2.8,-0.2,-0.7,0.728010988928051,1.95839999999998,8.25839999999999,"L",12.112622925985,0
"181",1.2,-1.8,-0.6,-1.8,1.4,-0.5,0.2,1.3,1.31529464379659,3.63107,10.39773,"N",33.0238675557967,0
"182",-1.2,1.8,-0.8,-0.3,-1.7,2.8,-0.5,1,1.11803398874989,4.96022,11.88244,"N",5.40490838946442,0
"183",-1.5,0,1.2,0.9,-2.4,-0.5,-0.9,-0.5,1.0295630140987,3.46185999999999,9.91741,"N",2.81555668421133,0
"184",0,-2.1,-1,-1.3,1,-2.5,1,-0.4,1.0770329614269,1.54819000000001,8.88152000000001,"N",7.69605172201655,0
"185",1.2,-1.8,0.6,0.6,1.7,-2,0.5,-0.2,0.53851648071345,2.6069,9.75135,"N",8.89585696966336,0
"186",0,-2.1,0.6,1,-0.5,-2.6,-0.5,-0.5,0.707106781186548,4.4344,10.9385,"N",6.03676064858785,0
"187",-1.2,-1.8,0.5,-1.9,-1.6,-1.9,-0.4,-0.0999999999999999,0.412310562561766,1.1893,7.14489999999999,"N",3.3664606634298,0
"188",1.2,1.8,0.4,-0.6,1.8,1.6,0.6,-0.2,0.632455532033676,2.86430000000001,7.76430000000002,"N",14.0362434679265,0
"189",0,2.1,-0.9,-0.3,0.3,2.4,0.3,0.3,0.424264068711928,2.68389999999999,7.91719999999998,"N",3.40644375499467,0
"190",-1.5,0,-1.1,-1.1,-1.7,0.4,-0.2,0.4,0.447213595499958,1.7388,7.6721,"N",1.81830296445163,0
"191",1.2,-1.8,-1.4,-0.1,1.4,-2.4,0.2,-0.6,0.632455532033676,-0.794900000000013,10.2496,"N",6.22214900408665,0
"192",1.5,0,-0.3,-1.4,2.2,-0.6,0.7,-0.6,0.921954445729289,2.4342,7.87860000000001,"N",20.1303120260413,0
"193",1.2,-1.8,-1.3,-0.2,1.1,-1.4,-0.0999999999999999,0.4,0.412310562561766,3.13124,9.14235,"L",6.05419189411486,0
"194",0,2.1,1.3,0.8,-0.3,2.5,-0.3,0.4,0.5,2.56122999999999,9.37233,"L",1.73570458892878,0
"195",-1.2,1.8,-0.4,-0.6,-1.2,1,0,-0.8,0.8,2.57011,8.80343999999999,"L",8.130102354156,0
"196",0,2.1,1.1,1.7,-0.5,2.2,-0.5,0.1,0.509901951359279,2.30786000000001,9.38563000000001,"L",2.62908188563879,0
"197",-1.2,1.8,0.6,-0.7,-0.5,0.9,0.7,-0.9,1.14017542509914,2.6664,8.32195999999999,"L",1.24536426676802,0
"198",1.2,1.8,1.1,-0.4,-0.1,1.4,-1.3,-0.4,1.36014705087354,3.83842,9.97176,"L",36.2926297284796,0
"199",-1.2,-1.8,0.3,-1.9,-1.5,-0.9,-0.3,0.9,0.948683298050514,4.2338,10.656,"L",25.2405292647868,0
"200",1.2,-1.8,-1.4,-0.8,0.9,-1.3,-0.3,0.5,0.58309518948453,4.1943,9.3276,"L",8.7727372975294,0
"201",0,-2.1,-1.2,0,0.3,-1.8,0.3,0.3,0.424264068711929,3.8612,9.8168,"L",10.0606897953229,0
"202",1.2,1.8,-1.1,0.8,0.7,1.6,-0.5,-0.2,0.53851648071345,3.4178,8.9067,"L",0.463923298626246,0
"203",1.2,-1.8,1.1,0.2,1.4,-1.9,0.2,-0.0999999999999999,0.223606797749979,3.22839999999999,9.6506,"L",5.26769712804407,0
"204",0,2.1,-1.1,1.7,0.3,2.4,0.3,0.3,0.424264068711928,2.2191,8.6302,"L",6.58194465517802,0
"205",-1.2,-1.8,0,-1.9,-1.5,-2.1,-0.3,-0.3,0.424264068711929,2.78222,11.19333,"N",12.3582850593177,0
"206",-1.5,0,-0.3,1.4,-0.8,-0.8,0.7,-0.8,1.06301458127347,4.18466,11.94021,"N",27.7970285797177,0
"207",-1.2,-1.8,-0.9,0.2,-0.4,-2,0.8,-0.2,0.824621125123532,4.20524,10.69413,"N",21.3350316752349,0
"208",1.2,-1.8,-0.1,-1.9,1.4,-1.9,0.2,-0.0999999999999999,0.223606797749979,2.70525000000001,9.48303,"N",4.39870535499544,0
"209",-1.2,-1.8,0.5,-1.7,-1.2,-1.7,0,0.1,0.1,2.70435999999999,9.8377,"N",3.3664606634298,0
"210",-1.5,0,0.5,-1.1,-1.6,-0.5,-0.1,-0.5,0.509901951359279,2.9851,8.8407,"N",12.8653978420502,0
"211",0,-2.1,1,0.5,0,-1.9,0,0.2,0.2,3.4457,9.13459999999999,"N",1.58235392261878,0
"212",1.2,-1.8,-1.3,-1.1,0.7,-2.1,-0.5,-0.3,0.58309518948453,2.66829999999999,9.11279999999999,"N",10.9228047198692,0
"213",0,-2.1,1.2,-0.5,0.3,-2.1,0.3,0,0.3,2.56899999999999,9.23570000000001,"N",7.51214410305265,0
"214",1.5,0,-1.1,-1,1.3,-0.4,-0.2,-0.4,0.447213595499958,2.9127,8.77940000000001,"N",7.00126755749535,0
"215",-1.2,-1.8,1.1,-0.2,-0.6,-1.8,0.6,0,0.6,3.02070000000001,8.46510000000001,"N",8.43980625411475,0
"216",-1.5,0,1.1,0.5,-1,-0.4,0.5,-0.4,0.640312423743285,3.1788,7.6455,"N",12.3130634589894,0
"217",1.2,-1.8,0.6,0.8,2.7,-1.3,1.5,0.5,1.58113883008419,5.73914000000001,12.85025,"L",32.0053832080835,0
"218",-1.2,1.8,-1.1,-0.4,-1.9,2.7,-0.7,0.9,1.14017542509914,5.16283,11.17394,"L",11.867731897566,0
"219",0,-2.1,0.9,-1.2,-0.1,-2,-0.1,0.1,0.14142135623731,5.15067999999999,11.484,"L",6.34019174590997,0
"220",-1.2,1.8,-0.1,2.3,-1.2,1.8,0,0,0,4.51448000000001,9.93669,"L",8.53773646251594e-07,0
"221",0,2.1,-0.6,-0.8,-1.7,2.6,-1.7,0.5,1.77200451466693,8.789,15.4445,"L",29.6172889374464,0
"222",-1.5,0,-0.3,1.4,-1.8,0.3,-0.3,0.3,0.424264068711929,7.732,14.1654,"L",13.1448676175507,0
"223",-1.2,1.8,-1.4,0.2,-1.5,1.6,-0.3,-0.2,0.360555127546399,3.1883,8.56610000000001,"L",11.2106331288767,0
"224",-1.2,-1.8,0.1,0.7,-0.9,-1.7,0.3,0.1,0.316227766016838,6.51319999999998,11.1576,"L",4.85456667823673,0
"225",0,2.1,0.5,-0.7,0.2,2.3,0.2,0.2,0.282842712474619,5.46340000000001,10.4522,"L",4.41407851789826,0
"226",-1.2,-1.8,-1,0.5,-1.8,-1.9,-0.6,-0.0999999999999999,0.608276253029822,3.99600000000001,10.2071,"L",13.4652080948117,0
"227",1.2,1.8,-1.4,0.8,1.3,3.6,0.1,1.8,1.80277563773199,3.74360000000001,10.2547,"L",25.0041156505881,0
"228",-1.2,1.8,1.4,1,-1.2,2,0,0.2,0.2,4.28579999999999,9.94129999999998,"L",3.93478205636954,0
"229",1.2,1.8,0,-0.6,1.4,2,0.2,0.2,0.282842712474619,2.89782,8.14227,"N",1.73570458892857,0
"230",-1.2,1.8,-0.5,-0.5,-2.1,1.7,-0.9,-0.1,0.905538513813742,3.04949,10.17171,"N",19.0998603209566,0
"231",1.2,-1.8,1.1,0.4,2,-2,0.8,-0.2,0.824621125123532,2.16774,8.80107,"N",17.9534830170836,0
"232",0,2.1,0.9,1.3,-0.2,2.1,-0.2,0,0.2,1.81533999999999,8.54868,"N",5.60616595146658,0
"233",-1.2,-1.8,0.4,-2.2,-1,-1.6,0.2,0.2,0.282842712474619,2.47644,8.18754,"N",9.16234704572175,0
"234",1.2,-1.8,-1,-1.2,0.8,-2.1,-0.4,-0.3,0.5,2.2671,7.12269999999999,"N",11.3099324740202,0
"235",1.2,1.8,-1.4,0.1,0.5,2.3,-0.7,0.5,0.860232526704263,4.1375,9.7597,"N",16.0064044657257,0
"236",1.5,0,-1.4,1.1,1.9,1.5,0.4,1.5,1.552417469626,3.53,9.79670000000002,"N",27.6834818010705,0
"237",-1.2,1.8,1.2,0.1,-0.8,2.6,0.4,0.8,0.894427190999916,4.7972,9.9194,"N",16.0289783062767,0
"238",1.5,0,0.4,-1.4,1.5,0,0,0,0,3.28649999999999,9.38649999999998,"N",8.53773646251594e-07,0
"239",-1.2,-1.8,-1,0.1,-1.3,-1.6,-0.1,0.2,0.223606797749979,2.2039,9.28160000000003,"N",3.99897384394678,0
"240",0,-2.1,1,-1.4,0.2,-2,0.2,0.1,0.223606797749979,3.49340000000001,9.42670000000001,"N",1.87787744728503,0
"241",0,-2.1,1,0.5,0.1,-2.4,0.1,-0.3,0.316227766016838,4.0852,11.66298,"L",3.79605162648208,0
"242",1.2,1.8,-0.5,-0.6,1,1.4,-0.2,-0.4,0.447213595499958,8.54931,15.84931,"L",1.55868420621073,0
"243",0,2.1,-1.1,0.8,0,2.3,0,0.2,0.2,1.7225,11.11139,"L",3.98252057182895,0
"244",-1.5,0,-0.9,1.1,-1.5,0.1,0,0.1,0.1,3.23152,11.22041,"L",2.35329686610836,0
"245",1.2,-1.8,-0.5,-1.7,1,-1.7,-0.2,0.1,0.223606797749979,4.6464,14.4353,"L",3.36646066342991,0
"246",-1.2,-1.8,-0.1,0.8,-1.1,-1.4,0.0999999999999999,0.4,0.412310562561766,3.94829999999999,12.0928,"L",1.51185434282685,0
"247",0,-2.1,1,-1.4,-0.2,-2.4,-0.2,-0.3,0.360555127546399,2.68009999999998,10.869,"L",4.81355089370645,0
"248",1.5,0,-0.3,-1.5,1.3,0,-0.2,0,0.2,2.6754,9.1088,"L",3.34681864174021,0
"249",0,-2.1,-1.1,0.1,0,-1.7,0,0.4,0.4,4.62790000000001,12.4613,"L",4.86451443776047,0
"250",-1.2,1.8,0.5,-0.8,-1.5,1.1,-0.3,-0.7,0.761577310586391,3.9872,9.86499999999998,"L",13.2902890549931,0
"251",1.5,0,0,1.4,1.6,0,0.1,0,0.1,4.1884,10.9662,"L",1.8391408234085,0
"252",-1.2,-1.8,1.2,-1.2,-1.1,-1.9,0.0999999999999999,-0.0999999999999999,0.141421356237309,1.38379999999998,7.17269999999999,"L",2.8912695962206,0
"253",1.2,-1.8,-0.4,-2,1.1,-1.8,-0.0999999999999999,0,0.0999999999999999,1.82308,8.27863,"N",0.469627019687756,0
"254",0,-2.1,0.9,-1.5,0,-1.9,0,0.2,0.2,1.60420999999999,9.01532,"N",9.72757855140159,0
"255",1.2,-1.8,0.6,0.4,1.2,-1.5,0,0.3,0.3,4.44922,10.26033,"N",2.27044967066496,0
"256",-1.5,0,-0.7,1,-1.5,-0.2,0,-0.2,0.2,1.91463,8.00351999999999,"N",4.9697407281103,0
"257",0,2.1,1.5,0.6,0.1,2.1,0.1,0,0.1,1.96081000000001,7.84970000000001,"N",1.97493401088216,0
"258",1.2,-1.8,-1.3,-0.5,1.1,-1.3,-0.0999999999999999,0.5,0.509901951359278,1.93199999999999,9.34311,"N",9.03948280335515,0
"259",-1.2,1.8,1,0.3,-1.1,1.2,0.0999999999999999,-0.6,0.608276253029822,2.6865,7.5865,"N",11.0882864635608,0
"260",1.2,1.8,-1.5,0.6,0.3,1.8,-0.9,0,0.9,2.0934,10.5934,"N",9.72757855140159,0
"261",1.2,-1.8,-0.3,0.4,1.2,-1.4,0,0.4,0.4,2.69639999999998,9.30749999999998,"N",5.51869411505626,0
"262",0,-2.1,1.4,-1.2,0,-2,0,0.1,0.1,1.61450000000002,10.9812,"N",2.99034497516551,0
"263",1.5,0,0,1.5,1.4,0.2,-0.1,0.2,0.223606797749979,3.7294,16.7628,"N",2.12109639666141,0
"264",1.2,1.8,0.4,-0.7,0.3,1.7,-0.9,-0.1,0.905538513813742,4.81689999999998,13.5502,"N",20.1306156554457,0
